H1=[
0.250
0.072
0.448
0.078
0.384
0.097
0.462
0.236
0.294
0.610
0.591
0.607
0.607
0.601
0.090
0.259
0.590
0.298
0.322
0.170
0.273
0.276
0.633
0.625
0.626
0.283
0.286
0.323
0.036
0.188
0.271
0.416
0.159
0.160
0.143
0.036
0.394
0.048
];
runup1=[
0.506
0.233
0.723
0.251
0.621
0.274
0.659
0.467
0.542
0.780
0.790
0.805
0.780
0.801
0.270
0.519
0.810
0.551
0.591
0.407
0.487
0.495
0.842
0.825
0.862
0.527
0.513
0.555
0.124
0.409
0.513
0.686
0.384
0.384
0.366
0.121
0.641
0.182
];

H2=[
0.267
0.039
0.040
0.021
0.014
0.051
0.075
0.073
0.065
0.055
0.056
0.034
0.018
0.009
0.018
0.027
0.038
0.047
0.047
0.188
0.019
0.019
0.094
0.009
0.005
0.006
0.007
0.028
0.008
0.023
0.017
0.024
0.012
0.014
0.009
0.193
0.044
0.022
0.039];

runup2=[
0.507
0.152
0.156
0.076
0.049
0.191
0.258
0.248
0.228
0.207
0.207
0.144
0.074
0.036
0.075
0.108
0.146
0.195
0.195
0.425
0.078
0.076
0.288
0.041
0.019
0.022
0.026
0.123
0.029
0.087
0.063
0.098
0.048
0.052
0.036
0.426
0.182
0.098
0.162];